xof 0303txt 0032
template ColorRGBA {
 <35ff44e0-6c7c-11cf-8f52-0040333594a3>
 FLOAT red;
 FLOAT green;
 FLOAT blue;
 FLOAT alpha;
}

template ColorRGB {
 <d3e16e81-7835-11cf-8f52-0040333594a3>
 FLOAT red;
 FLOAT green;
 FLOAT blue;
}

template Material {
 <3d82ab4d-62da-11cf-ab39-0020af71e433>
 ColorRGBA faceColor;
 FLOAT power;
 ColorRGB specularColor;
 ColorRGB emissiveColor;
 [...]
}

template TextureFilename {
 <a42790e1-7810-11cf-8f52-0040333594a3>
 STRING filename;
}

template Frame {
 <3d82ab46-62da-11cf-ab39-0020af71e433>
 [...]
}

template Matrix4x4 {
 <f6f23f45-7686-11cf-8f52-0040333594a3>
 array FLOAT matrix[16];
}

template FrameTransformMatrix {
 <f6f23f41-7686-11cf-8f52-0040333594a3>
 Matrix4x4 frameMatrix;
}

template Vector {
 <3d82ab5e-62da-11cf-ab39-0020af71e433>
 FLOAT x;
 FLOAT y;
 FLOAT z;
}

template MeshFace {
 <3d82ab5f-62da-11cf-ab39-0020af71e433>
 DWORD nFaceVertexIndices;
 array DWORD faceVertexIndices[nFaceVertexIndices];
}

template Mesh {
 <3d82ab44-62da-11cf-ab39-0020af71e433>
 DWORD nVertices;
 array Vector vertices[nVertices];
 DWORD nFaces;
 array MeshFace faces[nFaces];
 [...]
}

template MeshNormals {
 <f6f23f43-7686-11cf-8f52-0040333594a3>
 DWORD nNormals;
 array Vector normals[nNormals];
 DWORD nFaceNormals;
 array MeshFace faceNormals[nFaceNormals];
}

template MeshMaterialList {
 <f6f23f42-7686-11cf-8f52-0040333594a3>
 DWORD nMaterials;
 DWORD nFaceIndexes;
 array DWORD faceIndexes[nFaceIndexes];
 [Material <3d82ab4d-62da-11cf-ab39-0020af71e433>]
}

template Coords2d {
 <f6f23f44-7686-11cf-8f52-0040333594a3>
 FLOAT u;
 FLOAT v;
}

template MeshTextureCoords {
 <f6f23f40-7686-11cf-8f52-0040333594a3>
 DWORD nTextureCoords;
 array Coords2d textureCoords[nTextureCoords];
}

template XSkinMeshHeader {
 <3cf169ce-ff7c-44ab-93c0-f78f62d172e2>
 WORD nMaxSkinWeightsPerVertex;
 WORD nMaxSkinWeightsPerFace;
 WORD nBones;
}

template SkinWeights {
 <6f0d123b-bad2-4167-a0d0-80224f25fabb>
 STRING transformNodeName;
 DWORD nWeights;
 array DWORD vertexIndices[nWeights];
 array FLOAT weights[nWeights];
 Matrix4x4 matrixOffset;
}

template AnimTicksPerSecond {
 <9e415a43-7ba6-4a73-8743-b73d47e88476>
 DWORD AnimTicksPerSecond;
}

template Animation {
 <3d82ab4f-62da-11cf-ab39-0020af71e433>
 [...]
}

template AnimationSet {
 <3d82ab50-62da-11cf-ab39-0020af71e433>
 [Animation <3d82ab4f-62da-11cf-ab39-0020af71e433>]
}

template FloatKeys {
 <10dd46a9-775b-11cf-8f52-0040333594a3>
 DWORD nValues;
 array FLOAT values[nValues];
}

template TimedFloatKeys {
 <f406b180-7b3b-11cf-8f52-0040333594a3>
 DWORD time;
 FloatKeys tfkeys;
}

template AnimationKey {
 <10dd46a8-775b-11cf-8f52-0040333594a3>
 DWORD keyType;
 DWORD nKeys;
 array TimedFloatKeys keys[nKeys];
}


Material Id_1_IT_version {
 1.000000;1.000000;1.000000;1.000000;;
 10.000000;
 0.000000;0.000000;0.000000;;
 0.000000;0.000000;0.000000;;

 TextureFilename {
  "ID_1_D_IT_Version.tga";
 }
}

Material Id_2_IT_version {
 1.000000;1.000000;1.000000;1.000000;;
 10.000000;
 0.000000;0.000000;0.000000;;
 0.000000;0.000000;0.000000;;

 TextureFilename {
  "ID_2_D_IT_Version.tga";
 }
}

Material Id_3_IT_version {
 1.000000;1.000000;1.000000;1.000000;;
 10.000000;
 0.000000;0.000000;0.000000;;
 0.000000;0.000000;0.000000;;

 TextureFilename {
  "ID_3_D_IT_Version.tga";
 }
}

Material Headless {
 1.000000;1.000000;1.000000;1.000000;;
 10.000000;
 0.000000;0.000000;0.000000;;
 0.000000;0.000000;0.000000;;

 TextureFilename {
  "headless_D.tga";
 }
}

Material Waylon_hands_IT_MIC {
 1.000000;1.000000;1.000000;1.000000;;
 10.000000;
 0.000000;0.000000;0.000000;;
 0.000000;0.000000;0.000000;;

 TextureFilename {
  "ID_2_D_IT_Version.tga";
 }
}

Frame Hero-Root {
 

 FrameTransformMatrix {
  1.000000,0.000000,0.000000,0.000000,0.000000,1.000000,0.000000,0.000000,0.000000,0.000000,1.000000,0.000000,0.000000,0.000000,0.000000,1.000000;;
 }

 Frame Hero-Camera {
  

  FrameTransformMatrix {
   0.000000,0.000000,-1.000000,0.000000,-0.000000,1.000000,-0.000000,0.000000,1.000000,0.000000,0.000000,0.000000,0.000002,157.167744,-42.414451,1.000000;;
  }
 }

 Frame Hero {
  

  FrameTransformMatrix {
   0.146414,-0.323532,-0.934821,0.000000,-0.058484,0.940521,-0.334664,0.000000,0.987493,0.103671,0.118784,0.000000,0.000000,91.268090,-0.000000,1.000000;;
  }

  Frame Hero-Pelvis {
   

   FrameTransformMatrix {
    0.003586,0.999914,0.012683,0.000000,0.096575,-0.012971,0.995242,0.000000,0.995320,-0.002344,-0.096613,0.000000,0.000000,0.000000,0.000000,1.000000;;
   }

   Frame Hero-Spine {
    

    FrameTransformMatrix {
     0.999046,0.043661,0.000965,0.000000,-0.042365,0.974282,-0.221316,0.000000,-0.010603,0.221064,0.975202,0.000000,8.449959,0.005733,0.066008,1.000000;;
    }

    Frame Hero-Spine1 {
     

     FrameTransformMatrix {
      0.999827,-0.000036,0.018612,0.000000,-0.000988,0.998483,0.055050,0.000000,-0.018586,-0.055059,0.998310,0.000000,15.144341,-0.000001,-0.013374,1.000000;;
     }

     Frame Hero-Spine2 {
      

      FrameTransformMatrix {
       0.999478,0.002882,0.032191,0.000000,-0.004630,0.998509,0.054387,0.000000,-0.031987,-0.054508,0.998001,0.000000,16.880286,-0.000017,-0.015123,1.000000;;
      }

      Frame Hero-Neck {
       

       FrameTransformMatrix {
        0.987438,-0.017173,0.157070,0.000000,0.017391,0.999849,-0.000014,0.000000,-0.157046,0.002745,0.987588,0.000000,18.983315,-0.003852,-0.913616,1.000000;;
       }

       Frame Hero-Head {
        

        FrameTransformMatrix {
         0.994829,-0.068578,0.074922,0.000000,0.056075,0.985874,0.157823,0.000000,-0.084687,-0.152805,0.984621,0.000000,10.177033,0.027977,-1.564697,1.000000;;
        }
       }
      }

      Frame Hero-L-Clavicle {
       

       FrameTransformMatrix {
        -0.178299,0.951979,-0.248889,0.000000,0.983976,0.172303,-0.045855,0.000000,-0.000769,-0.253076,-0.967446,0.000000,19.363579,6.154343,0.073166,1.000000;;
       }

       Frame Hero-L-UpperArm {
        

        FrameTransformMatrix {
         0.618153,-0.763272,0.187890,0.000000,0.771588,0.543533,-0.330491,0.000000,0.150129,0.349268,0.924918,0.000000,15.520342,-0.000031,-0.000034,1.000000;;
        }

        Frame Hero-L-Forearm {
         

         FrameTransformMatrix {
          -0.242275,-0.000000,-0.970208,0.000000,0.000000,1.000000,-0.000000,0.000000,0.970208,0.000000,-0.242275,0.000000,28.332230,0.000000,-0.000023,1.000000;;
         }

         Frame Hero-L-Hand {
          

          FrameTransformMatrix {
           0.991129,-0.088401,-0.099240,0.000000,0.086962,-0.133312,0.987252,0.000000,-0.100504,-0.987124,-0.124441,0.000000,29.847850,-0.014877,-0.008736,1.000000;;
          }

          Frame Hero-L-Finger0 {
           

           FrameTransformMatrix {
            0.664903,-0.425412,0.613945,0.000000,0.653682,-0.066276,-0.753862,0.000000,0.361392,0.902570,0.234016,0.000000,2.620771,-2.024246,1.309216,1.000000;;
           }

           Frame Hero-L-Finger01 {
            

            FrameTransformMatrix {
             0.783664,0.054775,0.618766,0.000000,-0.062875,0.997983,-0.008714,0.000000,-0.617995,-0.032076,0.785527,0.000000,5.137942,0.000008,-0.000008,1.000000;;
            }

            Frame Hero-L-Finger02 {
             

             FrameTransformMatrix {
              0.247075,0.000003,0.968997,0.000000,0.000000,1.000000,-0.000003,0.000000,-0.968996,0.000001,0.247075,0.000000,3.571129,0.000000,0.000008,1.000000;;
             }
            }
           }
          }

          Frame Hero-L-Finger1 {
           

           FrameTransformMatrix {
            0.361458,-0.012932,0.932299,0.000000,0.168993,0.984252,-0.051867,0.000000,-0.916946,0.176299,0.357951,0.000000,10.645210,-3.175125,-0.206333,1.000000;;
           }

           Frame Hero-L-Finger11 {
            

            FrameTransformMatrix {
             0.497204,0.000000,0.867634,0.000000,0.000000,1.000000,-0.000000,0.000000,-0.867634,0.000000,0.497204,0.000000,4.162701,0.000000,-0.000004,1.000000;;
            }

            Frame Hero-L-Finger12 {
             

             FrameTransformMatrix {
              0.161483,0.000992,0.986875,0.000000,-0.003143,0.999995,-0.000491,0.000000,-0.986871,-0.003023,0.161485,0.000000,2.139759,0.000000,0.000004,1.000000;;
             }
            }
           }
          }

          Frame Hero-L-Finger2 {
           

           FrameTransformMatrix {
            -0.025203,-0.064772,0.997582,0.000000,-0.063925,0.995961,0.063051,0.000000,-0.997636,-0.062182,-0.029242,0.000000,11.083588,-0.844627,-0.200577,1.000000;;
           }

           Frame Hero-L-Finger21 {
            

            FrameTransformMatrix {
             -0.063005,0.000000,0.998013,0.000000,0.000000,1.000000,0.000000,0.000000,-0.998013,0.000000,-0.063005,0.000000,4.337875,0.000000,-0.000002,1.000000;;
            }

            Frame Hero-L-Finger22 {
             

             FrameTransformMatrix {
              -0.204495,-0.000002,0.978868,0.000000,-0.000003,1.000000,0.000001,0.000000,-0.978868,-0.000003,-0.204495,0.000000,2.920118,0.000000,0.000000,1.000000;;
             }
            }
           }
          }

          Frame Hero-L-Finger3 {
           

           FrameTransformMatrix {
            -0.053193,-0.178145,0.982566,0.000000,-0.170670,0.971103,0.166827,0.000000,-0.983891,-0.158821,-0.082060,0.000000,9.954172,1.683517,-0.754669,1.000000;;
           }

           Frame Hero-L-Finger31 {
            

            FrameTransformMatrix {
             0.085468,0.058222,0.994639,0.000000,-0.004165,0.998303,-0.058079,0.000000,-0.996332,0.000821,0.085566,0.000000,4.016472,-0.000008,0.000000,1.000000;;
            }

            Frame Hero-L-Finger32 {
             

             FrameTransformMatrix {
              -0.398274,-0.000002,0.917266,0.000000,-0.000003,1.000000,0.000001,0.000000,-0.917266,-0.000003,-0.398274,0.000000,2.661318,0.000000,0.000000,1.000000;;
             }
            }
           }
          }

          Frame Hero-L-Finger4 {
           

           FrameTransformMatrix {
            -0.021560,-0.352562,0.935540,0.000000,-0.223891,0.913694,0.339170,0.000000,-0.974376,-0.202146,-0.098634,0.000000,9.210622,4.120323,-0.215775,1.000000;;
           }

           Frame Hero-L-Finger41 {
            

            FrameTransformMatrix {
             0.572413,0.000000,0.819965,0.000000,-0.000000,1.000000,-0.000000,0.000000,-0.819965,0.000000,0.572414,0.000000,2.730587,0.000000,-0.000008,1.000000;;
            }

            Frame Hero-L-Finger42 {
             

             FrameTransformMatrix {
              -0.308427,0.000000,0.951248,0.000000,-0.000002,1.000000,-0.000001,0.000000,-0.951248,-0.000002,-0.308427,0.000000,1.943535,0.000000,0.000000,1.000000;;
             }
            }
           }
          }

          Frame Hero-L-Hand_aux {
           

           FrameTransformMatrix {
            1.000000,-0.000004,0.000002,0.000000,0.000004,1.000000,-0.000000,0.000000,-0.000002,0.000000,1.000000,0.000000,-0.027933,0.011223,-0.013760,1.000000;;
           }
          }
         }
        }

        Frame Hero-L-ForeTwist {
         

         FrameTransformMatrix {
          -0.242275,-0.000000,-0.970208,0.000000,0.043393,0.998999,-0.010836,0.000000,0.969237,-0.044726,-0.242032,0.000000,28.328179,0.005508,-0.043671,1.000000;;
         }

         Frame Hero-L-ForeTwist1 {
          

          FrameTransformMatrix {
           1.000000,-0.000001,-0.000003,0.000000,0.000001,0.998999,0.044725,0.000000,0.000003,-0.044725,0.999000,0.000000,14.909794,-0.000008,0.000008,1.000000;;
          }
         }
        }
       }

       Frame Hero-LUpArmTwist {
        

        FrameTransformMatrix {
         0.618153,-0.763272,0.187890,0.000000,0.777141,0.557524,-0.291924,0.000000,0.118064,0.326471,0.937805,0.000000,15.520331,0.000000,0.000000,1.000000;;
        }

        Frame Hero-LUpArmTwist1 {
         

         FrameTransformMatrix {
          1.000000,0.000000,-0.000003,0.000000,-0.000000,0.999786,-0.020701,0.000000,0.000003,0.020701,0.999786,0.000000,14.166115,0.000008,0.000000,1.000000;;
         }
        }
       }
      }

      Frame Hero-R-Clavicle {
       

       FrameTransformMatrix {
        -0.136903,-0.983298,-0.119926,0.000000,-0.990584,0.135799,0.017363,0.000000,-0.000787,0.121174,-0.992631,0.000000,19.363579,-6.154344,0.073196,1.000000;;
       }

       Frame Hero-R-UpperArm {
        

        FrameTransformMatrix {
         0.454901,0.890249,0.022829,0.000000,-0.889787,0.453312,0.052794,0.000000,0.036651,-0.044329,0.998344,0.000000,15.534131,-0.008530,0.065582,1.000000;;
        }

        Frame Hero-R-Forearm {
         

         FrameTransformMatrix {
          -0.241125,-0.000000,-0.970494,0.000000,-0.000000,1.000000,-0.000000,0.000000,0.970494,0.000000,-0.241125,0.000000,28.332246,0.000015,-0.000004,1.000000;;
         }

         Frame Hero-R-Hand {
          

          FrameTransformMatrix {
           0.986852,0.039303,-0.156774,0.000000,-0.160843,0.143512,-0.976491,0.000000,-0.015880,0.988868,0.147947,0.000000,29.847939,0.014961,-0.008629,1.000000;;
          }

          Frame Hero-R-Finger0 {
           

           FrameTransformMatrix {
            0.709192,0.429017,0.559456,0.000000,-0.605346,-0.036220,0.795138,0.000000,0.361391,-0.902570,0.234017,0.000000,2.620762,2.024246,1.309212,1.000000;;
           }

           Frame Hero-R-Finger01 {
            

            FrameTransformMatrix {
             0.693862,-0.049987,0.718371,0.000000,0.062875,0.997983,0.008714,0.000000,-0.717358,0.039121,0.695606,0.000000,5.137938,0.000008,-0.000008,1.000000;;
            }

            Frame Hero-R-Finger02 {
             

             FrameTransformMatrix {
              -0.092217,-0.000003,0.995739,0.000000,0.000001,1.000000,0.000003,0.000000,-0.995739,0.000001,-0.092217,0.000000,3.571125,-0.000008,0.000000,1.000000;;
             }
            }
           }
          }

          Frame Hero-R-Finger1 {
           

           FrameTransformMatrix {
            0.057156,-0.042748,0.997450,0.000000,-0.168993,0.984252,0.051866,0.000000,-0.983959,-0.171526,0.049032,0.000000,10.645206,3.175125,-0.206329,1.000000;;
           }

           Frame Hero-R-Finger11 {
            

            FrameTransformMatrix {
             0.201511,-0.000000,0.979486,0.000000,-0.000000,1.000000,0.000000,0.000000,-0.979486,-0.000000,0.201511,0.000000,4.162712,0.000000,-0.000011,1.000000;;
            }

            Frame Hero-R-Finger12 {
             

             FrameTransformMatrix {
              -0.154652,0.000002,0.987969,0.000000,0.003145,0.999995,0.000490,0.000000,-0.987965,0.003183,-0.154652,0.000000,2.139763,0.000008,0.000008,1.000000;;
             }
            }
           }
          }

          Frame Hero-R-Finger2 {
           

           FrameTransformMatrix {
            -0.186117,0.073970,0.979739,0.000000,0.063925,0.995961,-0.063051,0.000000,-0.980446,0.050895,-0.190094,0.000000,11.083580,0.844612,-0.200577,1.000000;;
           }

           Frame Hero-R-Finger21 {
            

            FrameTransformMatrix {
             -0.063006,-0.000000,0.998013,0.000000,0.000000,1.000000,0.000000,0.000000,-0.998013,0.000000,-0.063006,0.000000,4.337883,0.000008,0.000006,1.000000;;
            }

            Frame Hero-R-Finger22 {
             

             FrameTransformMatrix {
              -0.116698,0.000001,0.993167,0.000000,0.000004,1.000000,-0.000000,0.000000,-0.993168,0.000004,-0.116698,0.000000,2.920115,-0.000008,0.000000,1.000000;;
             }
            }
           }
          }

          Frame Hero-R-Finger3 {
           

           FrameTransformMatrix {
            -0.053193,0.178145,0.982566,0.000000,0.170670,0.971103,-0.166827,0.000000,-0.983891,0.158820,-0.082060,0.000000,9.954158,-1.683525,-0.754669,1.000000;;
           }

           Frame Hero-R-Finger31 {
            

            FrameTransformMatrix {
             0.085468,-0.058222,0.994638,0.000000,0.004165,0.998304,0.058078,0.000000,-0.996332,-0.000821,0.085566,0.000000,4.016464,0.000000,-0.000004,1.000000;;
            }

            Frame Hero-R-Finger32 {
             

             FrameTransformMatrix {
              -0.398273,0.000001,0.917267,0.000000,0.000004,1.000000,0.000001,0.000000,-0.917267,0.000004,-0.398273,0.000000,2.661331,0.000008,0.000000,1.000000;;
             }
            }
           }
          }

          Frame Hero-R-Finger4 {
           

           FrameTransformMatrix {
            -0.021511,0.352693,0.935492,0.000000,0.223953,0.913630,-0.339301,0.000000,-0.974362,0.202207,-0.098640,0.000000,9.210614,-4.120323,-0.215775,1.000000;;
           }

           Frame Hero-R-Finger41 {
            

            FrameTransformMatrix {
             0.572413,0.000000,0.819965,0.000000,0.000000,1.000000,-0.000000,0.000000,-0.819965,0.000000,0.572413,0.000000,2.730579,0.000000,0.000000,1.000000;;
            }

            Frame Hero-R-Finger42 {
             

             FrameTransformMatrix {
              -0.308442,0.000121,0.951243,0.000000,0.000137,1.000000,-0.000083,0.000000,-0.951243,0.000105,-0.308443,0.000000,1.943546,0.000008,0.000000,1.000000;;
             }
            }
           }
          }

          Frame Hero-R-Hand_aux {
           

           FrameTransformMatrix {
            1.000000,0.000004,0.000000,0.000000,-0.000004,1.000000,-0.000001,0.000000,-0.000000,0.000001,1.000000,0.000000,-0.028065,-0.011101,-0.013855,1.000000;;
           }
          }
         }
        }

        Frame Hero-R-ForeTwist {
         

         FrameTransformMatrix {
          -0.241125,-0.000000,-0.970494,0.000000,0.047187,0.998817,-0.011724,0.000000,0.969347,-0.048622,-0.240839,0.000000,28.328346,-0.005455,-0.043652,1.000000;;
         }

         Frame Hero-R-ForeTwist1 {
          

          FrameTransformMatrix {
           1.000000,0.000001,-0.000005,0.000000,-0.000001,0.998817,0.048621,0.000000,0.000005,-0.048621,0.998817,0.000000,14.909784,-0.000008,-0.000008,1.000000;;
          }
         }
        }
       }

       Frame Hero-RUpArmTwist {
        

        FrameTransformMatrix {
         0.454901,0.890249,0.022829,0.000000,-0.884935,0.449017,0.123587,0.000000,0.099773,-0.076422,0.992071,0.000000,15.520326,0.000000,0.000000,1.000000;;
        }

        Frame Hero-RUpArmTwist1 {
         

         FrameTransformMatrix {
          1.000000,-0.000000,-0.000004,0.000000,-0.000000,0.999368,-0.035544,0.000000,0.000004,0.035544,0.999368,0.000000,14.166130,0.000004,-0.000008,1.000000;;
         }
        }
       }
      }
     }
    }

    Frame Hero-LThighTwist {
     

     FrameTransformMatrix {
      -0.852814,-0.054950,0.519316,0.000000,-0.013987,-0.991688,-0.127902,0.000000,0.522028,-0.116341,0.844957,0.000000,-8.475006,9.182758,-0.075661,1.000000;;
     }

     Frame Hero-LThighTwist1 {
      

      FrameTransformMatrix {
       1.000000,-0.000014,-0.000001,0.000000,0.000014,0.999800,0.019998,0.000000,0.000000,-0.019998,0.999800,0.000000,20.674874,0.000001,0.000002,1.000000;;
      }
     }
    }

    Frame Hero-RThighTwist {
     

     FrameTransformMatrix {
      -0.893186,-0.141068,0.426989,0.000000,0.047982,-0.973998,-0.221418,0.000000,0.447122,-0.177279,0.876730,0.000000,-8.424622,-9.240443,-0.075552,1.000000;;
     }

     Frame Hero-RThighTwist1 {
      

      FrameTransformMatrix {
       1.000000,0.000000,-0.000000,0.000000,-0.000000,0.998004,-0.063158,0.000000,0.000000,0.063158,0.998004,0.000000,20.674874,-0.000001,0.000000,1.000000;;
      }
     }
    }
   }

   Frame Hero-L-Thigh {
    

    FrameTransformMatrix {
     -0.855179,0.024032,0.517775,0.000000,0.050068,-0.990424,0.128663,0.000000,0.515909,0.135954,0.845787,0.000000,-0.000015,9.211635,0.000017,1.000000;;
    }

    Frame Hero-L-Calf {
     

     FrameTransformMatrix {
      -0.355207,0.000000,-0.934788,0.000000,0.000001,1.000000,0.000000,0.000000,0.934788,-0.000000,-0.355207,0.000000,41.349750,0.000000,0.000004,1.000000;;
     }

     Frame Hero-L-Foot {
      

      FrameTransformMatrix {
       0.994547,0.100775,0.026830,0.000000,-0.100839,0.994902,0.001042,0.000000,-0.026589,-0.003742,0.999639,0.000000,43.324237,0.001274,-0.105911,1.000000;;
      }

      Frame Hero-L-Toe0 {
       

       FrameTransformMatrix {
        -0.046318,-0.000011,0.998927,0.000000,-0.000001,1.000000,0.000011,0.000000,-0.998927,-0.000000,-0.046318,0.000000,6.417160,0.000000,12.925968,1.000000;;
       }
      }
     }
    }

    Frame Hero-LCalfTwist {
     

     FrameTransformMatrix {
      -0.355207,0.000000,-0.934787,0.000000,0.000327,1.000000,-0.000124,0.000000,0.934787,-0.000350,-0.355207,0.000000,41.349709,0.000592,-0.051714,1.000000;;
     }

     Frame Hero-LCalfTwist1 {
      

      FrameTransformMatrix {
       1.000000,0.000001,0.000000,0.000000,-0.000001,1.000000,0.000360,0.000000,-0.000001,-0.000360,1.000000,0.000000,21.662475,0.000001,0.000004,1.000000;;
      }
     }
    }
   }

   Frame Hero-R-Thigh {
    

    FrameTransformMatrix {
     -0.890884,-0.082048,0.446759,0.000000,0.034732,-0.992976,-0.113102,0.000000,0.452901,-0.085244,0.887476,0.000000,0.000015,-9.211634,-0.000006,1.000000;;
    }

    Frame Hero-R-Calf {
     

     FrameTransformMatrix {
      0.766185,0.000000,-0.642619,0.000000,-0.000000,1.000000,0.000000,0.000000,0.642619,0.000000,0.766186,0.000000,41.349763,0.000001,-0.000001,1.000000;;
     }

     Frame Hero-R-Foot {
      

      FrameTransformMatrix {
       0.861072,-0.048496,0.506165,0.000000,0.040946,0.998822,0.026041,0.000000,-0.506832,-0.001698,0.862043,0.000000,43.324269,-0.001511,-0.105894,1.000000;;
      }

      Frame Hero-R-Toe0 {
       

       FrameTransformMatrix {
        -0.014757,-0.001808,0.999889,0.000000,-0.063039,0.998011,0.000874,0.000000,-0.997902,-0.063019,-0.014842,0.000000,6.417162,0.000001,12.925970,1.000000;;
       }
      }
     }
    }

    Frame Hero-RCalfTwist {
     

     FrameTransformMatrix {
      0.766186,0.000000,-0.642619,0.000000,0.005584,0.999962,0.006657,0.000000,0.642595,-0.008689,0.766157,0.000000,41.349750,-0.000709,-0.051715,1.000000;;
     }

     Frame Hero-RCalfTwist1 {
      

      FrameTransformMatrix {
       1.000000,-0.000003,0.000000,0.000000,0.000003,0.999962,0.008690,0.000000,-0.000000,-0.008690,0.999962,0.000000,21.662477,0.000000,0.000000,1.000000;;
      }
     }
    }
   }
  }
 }
}

Frame Waylon_Park_IT {
 

 FrameTransformMatrix {
  1.000000,0.000000,0.000000,0.000000,0.000000,1.000000,0.000000,0.000000,0.000000,0.000000,1.000000,0.000000,0.000000,0.000000,0.000000,1.000000;;
 }

 Mesh Waylon_Park_IT {
  8721;
  8.822063;146.231078;-1.168091;,
  8.840460;150.610227;3.648731;,
  9.766293;150.214605;3.963870;,
  7.034405;149.632934;0.149491;,
  7.728939;152.130739;1.900427;,
  7.834354;150.544922;1.678072;,
  8.551922;154.322995;5.420898;,
  8.551922;154.322995;5.420898;,
  9.281048;152.418291;6.130707;,
  7.789593;148.028813;-0.584304;,
  8.822063;146.231078;-1.168091;,
  6.986614;147.147341;-1.736786;,
  6.335003;148.832922;-1.119387;,
  5.667522;148.315213;-1.852280;,
  5.942959;149.435546;-1.646408;,
  7.889110;152.964595;1.798307;,
  6.946575;150.667238;-0.183844;,
  7.889110;152.964595;1.798307;,
  7.297253;151.490112;-0.330203;,
  6.395916;150.163085;-1.642044;,
  6.740765;150.657344;-1.719492;,
  5.074749;148.738035;-3.917957;,
  5.694088;149.655398;-1.616195;,
  4.891613;148.277517;-4.053390;,
  4.669903;148.343718;-4.018774;,
  5.242962;148.630131;-3.894138;,
  5.097942;148.376218;-2.961806;,
  5.756146;146.972096;-2.285982;,
  6.848674;145.387533;-2.498291;,
  6.986614;147.147341;-1.736786;,
  7.448406;142.677350;-3.554810;,
  5.823162;142.745792;-4.092896;,
  5.346233;145.175091;-3.346557;,
  5.165081;146.992960;-3.415070;,
  5.710491;135.032435;-7.442274;,
  2.585247;137.597978;-6.637494;,
  5.073894;139.196902;-5.645605;,
  3.132977;139.551066;-5.586204;,
  4.018474;142.489984;-4.686572;,
  4.926067;145.363674;-4.372798;,
  5.041790;147.014221;-4.579739;,
  3.461224;142.417536;-5.730950;,
  4.778118;145.511450;-5.315746;,
  4.914837;147.006182;-4.618861;,
  1.950603;139.580352;-6.279194;,
  3.128216;142.599117;-6.555688;,
  2.911968;142.631437;-6.514336;,
  4.603924;145.585190;-5.292713;,
  0.732615;139.561498;-7.201621;,
  -2.429554;145.069338;-4.401817;,
  -1.633946;143.259981;-5.453800;,
  -2.591385;145.083494;-4.667637;,
  -1.524540;143.265626;-5.152087;,
  -0.623386;140.994816;-6.132812;,
  -1.524540;143.265626;-5.152087;,
  -0.522724;140.961408;-5.775428;,
  0.312054;138.243648;-6.788376;,
  -0.846195;137.106022;-7.135629;,
  1.025555;139.481165;-7.401897;,
  0.255337;138.585933;-6.393800;,
  0.234600;137.672000;-6.603446;,
  -0.648792;136.977907;-7.404777;,
  -1.419514;134.888576;-7.455819;,
  -1.086140;134.778957;-7.874233;,
  -1.995865;130.907251;-8.715576;,
  -1.462704;130.758682;-8.980469;,
  -5.065777;126.388096;-9.680908;,
  -2.100613;126.266765;-9.375000;,
  -1.464535;126.488499;-9.801026;,
  0.595135;126.560806;-9.553955;,
  0.587666;130.764979;-8.732422;,
  0.614784;134.859072;-7.814035;,
  1.040386;137.397734;-6.651531;,
  -2.115204;122.037683;-10.039815;,
  -4.867268;121.762253;-9.667871;,
  3.144756;126.671437;-9.294434;,
  3.419796;131.080038;-8.857422;,
  2.380383;134.985690;-7.493337;,
  -1.474442;121.990950;-10.466750;,
  0.299618;118.376346;-11.508420;,
  -1.501911;118.173939;-11.452121;,
  0.400833;122.062490;-10.430548;,
  3.021709;122.197427;-10.674330;,
  6.370953;126.690675;-9.084416;,
  6.213070;131.051584;-8.565981;,
  0.265423;114.998003;-10.606934;,
  -1.592487;114.855104;-11.195374;,
  7.376751;138.696832;-5.594462;,
  8.457241;134.994982;-6.970367;,
  9.073086;130.822925;-7.786102;,
  9.354107;126.554035;-7.602775;,
  8.986981;122.382707;-7.999512;,
  6.088619;122.586496;-9.287065;,
  8.926434;118.693722;-8.327393;,
  5.848675;118.699930;-9.541992;,
  8.887005;115.009523;-8.826391;,
  6.001202;114.580723;-9.718484;,
  8.995282;111.678144;-9.389873;,
  5.888958;111.729997;-10.333434;,
  9.554607;108.156339;-10.088733;,
  6.421429;108.130573;-10.953852;,
  9.617351;105.333741;-10.345703;,
  2.739483;111.938739;-10.722296;,
  3.725628;108.327258;-10.908223;,
  6.603817;105.047763;-11.419434;,
  3.854076;105.297830;-11.544434;,
  3.642910;101.888211;-12.288086;,
  2.707958;118.611597;-10.661634;,
  2.587322;115.095718;-10.645024;,
  0.227016;111.691136;-10.970131;,
  0.655254;108.340672;-11.725862;,
  0.594891;104.926957;-11.604248;,
  0.465130;102.290938;-12.105713;,
  -1.463398;108.010470;-12.046294;,
  -1.487309;111.494221;-11.368542;,
  -1.627979;105.587731;-11.850830;,
  -2.350010;102.289126;-12.119141;,
  -2.227833;105.646067;-11.443603;,
  -2.150837;108.198592;-11.581578;,
  -2.125736;111.491187;-11.015025;,
  -2.155476;114.703053;-10.904787;,
  -2.249439;118.103232;-10.559576;,
  -5.399891;98.688019;-10.949463;,
  -5.322834;102.450483;-10.613526;,
  -5.263752;104.720704;-10.525879;,
  -5.399250;108.055923;-11.242011;,
  -5.071003;111.509504;-10.499054;,
  -5.068928;114.519501;-10.611344;,
  -4.501057;117.870784;-9.911059;,
  -8.300983;99.138669;-9.849121;,
  -8.325398;102.209958;-9.886718;,
  -8.378864;105.120026;-10.214600;,
  -8.164509;107.937741;-10.659902;,
  -7.926594;111.081549;-9.793311;,
  -7.638691;114.224474;-8.899873;,
  -7.480305;117.816614;-8.725830;,
  -7.979358;130.552371;-8.428138;,
  -7.995297;125.904704;-8.948764;,
  -7.455769;121.959654;-8.660274;,
  -3.378986;142.341402;-4.847675;,
  -2.246113;139.805606;-5.920458;,
  -2.148335;136.377805;-6.627608;,
  -2.988621;134.938675;-7.373733;,
  -5.038502;130.823603;-8.966065;,
  -4.975926;138.829990;-6.271515;,
  -5.128742;135.214234;-7.841486;,
  -7.794026;135.402829;-7.138112;,
  -4.616901;146.490650;-3.048398;,
  -6.088047;144.417971;-3.000610;,
  -6.258991;146.831603;-1.889940;,
  -4.833729;144.374387;-3.426882;,
  -3.998737;144.232205;-4.009497;,
  -4.319264;141.912845;-4.538248;,
  -3.624958;139.247501;-5.371587;,
  -5.486500;141.770726;-4.631714;,
  -7.800373;138.554803;-5.687385;,
  -7.737476;141.817690;-4.052368;,
  -9.392292;146.553165;-0.739380;,
  -7.432850;147.732608;-0.701005;,
  -9.052686;150.430566;3.704688;,
  -7.571614;150.541632;1.836247;,
  -8.874714;152.508723;6.246338;,
  -8.981892;154.109683;8.998535;,
  -8.516041;154.667482;7.801270;,
  -8.304950;154.702144;5.274902;,
  -11.521686;150.254643;3.273714;,
  -10.784198;152.736576;6.917481;,
  -5.556660;150.968141;-0.759154;,
  -6.846928;152.327642;0.630972;,
  -5.695515;151.398438;-0.826211;,
  -7.026112;152.038822;1.434576;,
  -7.606403;153.131098;1.605469;,
  -7.078632;151.362304;1.807724;,
  -5.992084;148.872192;-1.161817;,
  -4.612507;149.757811;-1.604688;,
  -4.925861;150.928038;-1.555267;,
  -5.439274;150.093747;-0.561162;,
  -4.760212;148.740902;-2.037387;,
  -3.925495;148.600858;-3.168279;,
  -3.507343;147.010714;-3.844092;,
  -4.115254;149.840333;-2.972385;,
  -3.844013;149.940672;-2.801624;,
  -4.350178;149.975219;-1.592222;,
  -3.714314;148.566067;-3.019290;,
  -3.348347;146.973875;-3.541871;,
  -2.429554;145.069338;-4.401817;,
  -5.479176;88.590464;-11.329081;,
  0.040794;118.536461;1.944641;,
  -8.722348;89.754624;-10.002255;,
  -2.107522;88.004928;-11.921393;,
  -1.634378;87.989997;-12.073937;,
  0.301242;87.892013;-11.668955;,
  3.354998;88.250208;-10.726898;,
  5.620326;89.105875;-9.589047;,
  9.445646;89.711411;-10.158794;,
  5.694088;149.655398;-1.616195;,
  6.395916;150.163085;-1.642044;,
  5.942959;149.435546;-1.646408;,
  6.274456;150.945562;0.216262;,
  6.175823;150.356749;-1.527666;,
  6.740765;150.657344;-1.719492;,
  4.786175;146.687373;-3.651418;,
  5.162884;147.537869;-1.663172;,
  4.865032;148.261235;-2.250303;,
  5.575237;148.578739;-0.936774;,
  6.177776;150.246707;0.811822;,
  6.700237;151.673152;3.193359;,
  6.610210;150.942144;-1.810316;,
  6.655804;151.702515;-0.312188;,
  6.985394;152.500493;2.772346;,
  6.583294;153.009344;5.323975;,
  7.046917;154.233152;4.908081;,
  6.102581;154.214054;7.721314;,
  6.533978;155.727360;7.412231;,
  4.759075;155.350707;9.855957;,
  7.756634;151.408077;-0.375508;,
  7.321942;150.334106;-1.922946;,
  7.108562;151.798221;-0.595205;,
  7.341594;153.441229;2.152832;,
  7.482098;155.129882;4.471680;,
  7.834758;153.579955;1.840576;,
  8.393597;152.884890;2.028320;,
  8.780804;151.872499;2.412613;,
  8.528850;149.832461;-0.209961;,
  8.262966;148.517056;-2.199099;,
  9.227825;150.474522;3.072876;,
  9.235730;148.017818;-0.246582;,
  9.243114;146.207168;-2.470764;,
  9.096478;146.085466;-2.495789;,
  8.074566;148.371405;-2.144323;,
  7.193462;150.166387;-1.929163;,
  9.096478;146.085466;-2.495789;,
  9.103070;147.807130;-0.238525;,
  9.119671;150.368384;3.165314;,
  9.281048;152.418291;6.130707;,
  9.359417;152.577536;6.049408;,
  8.479290;154.045965;8.972900;,
  8.798870;154.232102;9.100952;,
  8.197796;155.509158;8.382813;,
  6.256634;156.887450;10.592530;,
  2.782360;158.890867;11.129883;,
  5.400188;157.848883;9.486572;,
  2.586712;158.360691;10.920898;,
  5.629055;158.223872;9.647705;,
  7.214458;156.932134;7.358154;,
  7.559368;156.636352;7.623658;,
  8.250286;154.902387;4.750244;,
  8.877972;153.745178;5.298767;,
  6.922650;156.732301;7.336670;,
  7.867351;155.284672;4.425049;,
  4.925823;156.732787;9.536866;,
  2.334942;156.903731;10.931885;,
  2.285431;155.696026;11.270679;,
  -0.232075;156.988493;11.310058;,
  -0.220173;158.663360;11.231690;,
  -2.764627;156.933466;11.005675;,
  -3.329609;158.595098;10.881348;,
  -5.713337;157.905088;9.398926;,
  -5.974079;158.197504;9.558594;,
  -7.306965;156.893069;7.229248;,
  -0.237690;159.070682;11.473877;,
  5.892590;158.072755;9.947326;,
  2.925762;158.931635;11.454956;,
  -0.263111;158.942989;11.844238;,
  -3.447712;158.928218;11.109375;,
  -0.213398;157.319821;12.408691;,
  3.088393;157.286989;12.054737;,
  -3.595661;158.765747;11.459961;,
  -3.579443;157.313843;12.157212;,
  -0.199360;155.650906;13.396240;,
  3.374401;155.672730;13.184326;,
  6.783001;155.339354;11.685058;,
  6.573772;155.008973;11.515625;,
  3.317867;155.288691;12.729981;,
  -0.027180;155.310003;12.660400;,
  -3.539265;155.367283;12.680176;,
  -3.805866;155.709619;13.150390;,
  -6.205524;157.994381;9.868408;,
  -6.648640;156.710810;10.565125;,
  -7.269245;155.389990;11.510788;,
  -6.965778;155.006464;11.371094;,
  -9.068562;154.313114;8.947205;,
  -8.981892;154.109683;8.998535;,
  -8.198444;155.554688;8.140320;,
  -9.541706;152.463757;5.958374;,
  -7.665486;156.649408;7.487426;,
  -8.082966;155.431155;5.186859;,
  -8.875934;154.035354;5.454346;,
  -8.876911;152.450739;3.002625;,
  -9.491413;150.918093;3.674927;,
  -8.549518;150.672730;0.415527;,
  -9.393025;149.169306;1.350220;,
  -7.363606;148.437990;-2.205811;,
  -7.485310;152.036595;0.152100;,
  -8.247517;153.759091;2.707893;,
  -7.862385;154.174566;2.569580;,
  -6.971638;152.384038;0.102539;,
  -7.468464;153.995635;2.606934;,
  -6.026600;150.406541;-1.884751;,
  -5.240383;151.101312;-1.703498;,
  -6.622517;152.607424;0.371582;,
  -7.318806;153.285030;2.976929;,
  -7.144734;154.486874;5.300049;,
  -7.326374;155.440576;5.014404;,
  -6.463581;155.419674;7.359497;,
  -7.742023;155.682368;5.042847;,
  -6.980915;156.645235;7.129638;,
  -5.159992;156.636595;9.521484;,
  -6.475788;152.038938;0.851807;,
  -7.309040;152.594150;3.532959;,
  -6.903522;153.271718;5.792358;,
  -6.187946;154.162035;7.612182;,
  -4.872394;155.168627;9.872070;,
  -2.704057;155.708403;11.272874;,
  -0.341328;155.896730;11.540283;,
  12.535186;90.544698;-8.223910;,
  0.040794;118.536461;1.944641;,
  9.445646;89.711411;-10.158794;,
  15.036646;91.724922;-6.488812;,
  17.108093;92.713805;-4.246488;,
  17.981752;93.634669;-1.574914;,
  18.248293;93.277530;0.080482;,
  18.293422;93.004493;2.351451;,
  18.069189;92.818342;4.302592;,
  17.418821;92.156166;6.835034;,
  5.620326;89.105875;-9.589047;,
  9.809612;89.663610;-10.627322;,
  9.445646;89.711411;-10.158794;,
  3.354998;88.250208;-10.726898;,
  5.836254;89.034637;-10.035400;,
  9.401775;92.051251;-10.587432;,
  0.301242;87.892013;-11.668955;,
  3.483257;88.145856;-11.217285;,
  5.685375;91.501542;-10.198129;,
  9.171673;95.838349;-10.493094;,
  -1.634378;87.989997;-12.073937;,
  0.311321;87.773805;-12.195801;,
  2.567425;91.561005;-12.227938;,
  5.701794;94.766694;-10.595782;,
  9.330608;99.505734;-10.550049;,
  -2.107522;88.004928;-11.921393;,
  -1.699207;87.875578;-12.616455;,
  -1.634378;87.989997;-12.073937;,
  0.139812;91.581696;-12.750208;,
  2.883343;94.773926;-12.439462;,
  6.043835;99.087098;-11.156738;,
  9.678265;102.579974;-10.464355;,
  -5.479176;88.590464;-11.329081;,
  -2.190662;87.891085;-12.458008;,
  -1.944569;91.540128;-12.885285;,
  0.424755;94.756365;-12.957711;,
  3.244396;98.903686;-12.641846;,
  6.489040;101.697101;-11.134034;,
  0.320873;98.606234;-12.863037;,
  -1.831196;94.834816;-13.138534;,
  -2.401173;91.417203;-12.632155;,
  -1.860523;98.809210;-12.943848;,
  -2.538898;94.667424;-12.811927;,
  -2.496365;98.607187;-12.585205;,
  -1.904408;102.400576;-12.513428;,
  -5.692799;88.499283;-11.842774;,
  -5.603535;92.026246;-12.147759;,
  -5.440632;95.401248;-11.816798;,
  -8.722348;89.754624;-10.002255;,
  -9.061482;89.708499;-10.467683;,
  -8.652058;92.676877;-10.221211;,
  -8.368977;95.569459;-10.085890;,
  -16.400074;91.720070;11.127532;,
  -18.405720;92.077638;8.886841;,
  -17.718437;92.035501;8.628187;,
  -18.911091;93.276858;6.526978;,
  -18.738728;92.469485;6.547608;,
  -18.039038;92.412742;6.376110;,
  -17.036334;91.750003;11.482910;,
  -18.580768;92.845094;8.920532;,
  -14.046574;91.321901;13.780243;,
  -14.591755;91.336429;14.238282;,
  -10.789769;90.821722;15.778357;,
  -11.208912;90.816896;16.313720;,
  -6.977466;89.538502;16.770480;,
  -7.249073;89.484006;17.344238;,
  -3.323833;88.680474;16.316843;,
  -3.454044;88.592774;16.873046;,
  7.446758;89.829344;17.154541;,
  3.587231;91.015853;16.859864;,
  3.662884;88.655763;16.963134;,
  -0.193928;90.544736;17.044189;,
  0.109325;88.111450;16.646485;,
  -4.012287;90.758176;16.858643;,
  -7.365467;91.482605;16.941650;,
  -11.277058;91.821837;16.202637;,
  -7.287632;93.332141;16.509522;,
  -11.325642;93.676634;15.864990;,
  -3.969044;93.110227;16.721680;,
  0.007305;92.973696;17.053467;,
  3.697216;93.505370;16.699462;,
  7.459408;91.485901;16.773682;,
  7.240841;94.026061;16.422118;,
  11.189953;92.095763;15.282227;,
  11.208507;94.211808;15.097901;,
  13.758434;92.287782;13.610840;,
  0.052044;95.219789;16.946045;,
  -4.027592;95.062317;16.556397;,
  3.382961;95.627200;16.434814;,
  7.224118;95.952211;16.098634;,
  -0.000294;97.913389;16.897216;,
  -3.879810;97.958067;16.500488;,
  -7.452824;95.143981;16.222168;,
  -7.563282;98.064941;16.020507;,
  -11.451466;95.500000;15.464355;,
  -11.269611;98.342528;15.102784;,
  3.479992;98.170470;16.368408;,
  -0.162708;100.446106;16.962891;,
  -3.875523;100.580749;16.576904;,
  -7.708866;100.788998;16.104736;,
  -11.540180;101.192992;14.714843;,
  -14.769002;98.573606;13.604248;,
  -14.807819;101.360352;13.497315;,
  -14.797931;95.568480;14.000976;,
  -14.832966;94.266726;14.148682;,
  -17.093952;99.067872;10.945557;,
  -17.110310;101.620730;10.680420;,
  -17.169147;96.404787;11.474366;,
  -17.130939;94.399168;11.684082;,
  -17.186726;92.738278;11.641479;,
  -14.731770;92.223635;14.342530;,
  -18.507771;94.355469;9.143738;,
  -18.325397;96.561094;8.363220;,
  -17.703885;99.700256;7.915039;,
  -17.180378;105.374374;7.694336;,
  -18.275050;102.840429;4.553772;,
  -17.197038;102.303226;7.436767;,
  -18.457003;100.520032;4.658386;,
  -18.574379;97.481997;4.959350;,
  -18.524128;95.609619;4.916382;,
  -16.970418;112.025293;11.316406;,
  -17.883747;115.185510;9.256836;,
  -17.434040;112.458125;8.139893;,
  -17.341510;108.512512;7.651672;,
  -17.499470;109.063488;4.817536;,
  -17.956398;106.208128;4.594238;,
  -17.333226;108.002317;11.312397;,
  -14.354010;108.001101;13.936838;,
  -14.165614;112.570048;14.158094;,
  -16.329304;115.727808;12.272583;,
  -14.874226;116.263117;14.416504;,
  -17.038533;120.054259;12.703979;,
  -14.922565;120.298150;14.999512;,
  -17.274616;124.968256;14.084717;,
  -15.622029;125.017574;15.818848;,
  -10.855426;108.282598;15.642090;,
  -11.026478;112.496141;16.532048;,
  -11.174702;116.857242;16.950440;,
  -11.359745;120.297574;17.419189;,
  -11.581119;125.025421;17.914062;,
  -15.005085;127.942630;16.778565;,
  -11.438557;128.137574;18.470214;,
  -7.568359;132.271488;19.090333;,
  -10.811863;137.034547;18.949950;,
  -10.831134;131.824154;19.187744;,
  -8.012287;128.528563;18.763672;,
  -7.916401;124.641728;18.157470;,
  -7.703877;120.317875;17.782227;,
  -7.533100;116.768192;17.321045;,
  -7.413254;112.374950;17.133133;,
  -3.215717;116.611328;16.897706;,
  -3.686634;120.467930;17.547851;,
  -3.619236;124.542349;17.867432;,
  -4.054737;128.363392;18.229493;,
  -0.185658;112.252019;16.732422;,
  -3.580143;107.646886;17.029541;,
  0.013744;107.726323;17.215088;,
  -3.525440;112.239718;16.936280;,
  -7.492781;107.758861;16.279549;,
  -0.105381;116.748045;16.932618;,
  -0.081394;120.640691;17.479493;,
  0.049175;124.500442;17.508301;,
  0.208309;128.533350;17.651366;,
  3.600262;112.328000;16.716552;,
  3.608807;107.873446;16.753906;,
  3.481304;116.742285;16.851806;,
  3.331280;120.697933;17.522216;,
  3.386944;124.631347;17.943848;,
  3.420055;129.005862;18.194091;,
  6.838909;120.317261;17.482666;,
  15.671917;132.057805;17.700440;,
  13.460491;127.503424;17.423339;,
  15.554302;127.558592;16.141846;,
  13.591595;123.552486;16.481933;,
  10.430803;123.510605;18.106222;,
  10.396233;119.992448;17.070139;,
  6.743679;116.270502;16.755616;,
  7.065289;124.244442;17.910400;,
  10.451092;127.686285;18.537598;,
  12.642482;132.444339;18.698486;,
  15.576275;136.861146;17.491699;,
  17.321086;136.488768;17.558106;,
  15.717144;141.103757;17.818848;,
  17.796184;140.751834;17.739990;,
  16.644451;131.573120;16.602294;,
  18.770366;144.330867;17.011963;,
  19.633282;143.835149;16.894531;,
  18.678509;140.650637;17.549317;,
  18.337749;136.579955;16.388917;,
