xof 0303txt 0032
template ColorRGBA {
 <35ff44e0-6c7c-11cf-8f52-0040333594a3>
 FLOAT red;
 FLOAT green;
 FLOAT blue;
 FLOAT alpha;
}

template ColorRGB {
 <d3e16e81-7835-11cf-8f52-0040333594a3>
 FLOAT red;
 FLOAT green;
 FLOAT blue;
}

template Material {
 <3d82ab4d-62da-11cf-ab39-0020af71e433>
 ColorRGBA faceColor;
 FLOAT power;
 ColorRGB specularColor;
 ColorRGB emissiveColor;
 [...]
}

template TextureFilename {
 <a42790e1-7810-11cf-8f52-0040333594a3>
 STRING filename;
}

template Frame {
 <3d82ab46-62da-11cf-ab39-0020af71e433>
 [...]
}

template Matrix4x4 {
 <f6f23f45-7686-11cf-8f52-0040333594a3>
 array FLOAT matrix[16];
}

template FrameTransformMatrix {
 <f6f23f41-7686-11cf-8f52-0040333594a3>
 Matrix4x4 frameMatrix;
}

template Vector {
 <3d82ab5e-62da-11cf-ab39-0020af71e433>
 FLOAT x;
 FLOAT y;
 FLOAT z;
}

template MeshFace {
 <3d82ab5f-62da-11cf-ab39-0020af71e433>
 DWORD nFaceVertexIndices;
 array DWORD faceVertexIndices[nFaceVertexIndices];
}

template Mesh {
 <3d82ab44-62da-11cf-ab39-0020af71e433>
 DWORD nVertices;
 array Vector vertices[nVertices];
 DWORD nFaces;
 array MeshFace faces[nFaces];
 [...]
}

template MeshNormals {
 <f6f23f43-7686-11cf-8f52-0040333594a3>
 DWORD nNormals;
 array Vector normals[nNormals];
 DWORD nFaceNormals;
 array MeshFace faceNormals[nFaceNormals];
}

template MeshMaterialList {
 <f6f23f42-7686-11cf-8f52-0040333594a3>
 DWORD nMaterials;
 DWORD nFaceIndexes;
 array DWORD faceIndexes[nFaceIndexes];
 [Material <3d82ab4d-62da-11cf-ab39-0020af71e433>]
}

template Coords2d {
 <f6f23f44-7686-11cf-8f52-0040333594a3>
 FLOAT u;
 FLOAT v;
}

template MeshTextureCoords {
 <f6f23f40-7686-11cf-8f52-0040333594a3>
 DWORD nTextureCoords;
 array Coords2d textureCoords[nTextureCoords];
}

template XSkinMeshHeader {
 <3cf169ce-ff7c-44ab-93c0-f78f62d172e2>
 WORD nMaxSkinWeightsPerVertex;
 WORD nMaxSkinWeightsPerFace;
 WORD nBones;
}

template SkinWeights {
 <6f0d123b-bad2-4167-a0d0-80224f25fabb>
 STRING transformNodeName;
 DWORD nWeights;
 array DWORD vertexIndices[nWeights];
 array FLOAT weights[nWeights];
 Matrix4x4 matrixOffset;
}

template AnimTicksPerSecond {
 <9e415a43-7ba6-4a73-8743-b73d47e88476>
 DWORD AnimTicksPerSecond;
}

template Animation {
 <3d82ab4f-62da-11cf-ab39-0020af71e433>
 [...]
}

template AnimationSet {
 <3d82ab50-62da-11cf-ab39-0020af71e433>
 [Animation <3d82ab4f-62da-11cf-ab39-0020af71e433>]
}

template FloatKeys {
 <10dd46a9-775b-11cf-8f52-0040333594a3>
 DWORD nValues;
 array FLOAT values[nValues];
}

template TimedFloatKeys {
 <f406b180-7b3b-11cf-8f52-0040333594a3>
 DWORD time;
 FloatKeys tfkeys;
}

template AnimationKey {
 <10dd46a8-775b-11cf-8f52-0040333594a3>
 DWORD keyType;
 DWORD nKeys;
 array TimedFloatKeys keys[nKeys];
}


Material Soldier_V3_ID1 {
 1.000000;1.000000;1.000000;1.000000;;
 10.000000;
 0.000000;0.000000;0.000000;;
 0.000000;0.000000;0.000000;;

 TextureFilename {
  "ID_1_D.tga";
 }
}

Material Solider_V3_ID2 {
 1.000000;1.000000;1.000000;1.000000;;
 10.000000;
 0.000000;0.000000;0.000000;;
 0.000000;0.000000;0.000000;;

 TextureFilename {
  "ID_2_D.tga";
 }
}

Material Solider_V3_ID3 {
 1.000000;1.000000;1.000000;1.000000;;
 10.000000;
 0.000000;0.000000;0.000000;;
 0.000000;0.000000;0.000000;;

 TextureFilename {
  "id_3_D.tga";
 }
}

Material Soldier_Eye {
 1.000000;1.000000;1.000000;1.000000;;
 10.000000;
 0.000000;0.000000;0.000000;;
 0.000000;0.000000;0.000000;;

 TextureFilename {
  "Eye_D.tga";
 }
}

Frame NPCLarge-Root {
 

 FrameTransformMatrix {
  1.000000,0.000000,0.000000,0.000000,0.000000,1.000000,0.000000,0.000000,0.000000,0.000000,1.000000,0.000000,-10.000000,0.000000,0.000000,1.000000;;
 }

 Frame NPCLarge {
  

  FrameTransformMatrix {
   -0.000000,-0.000000,-1.000000,0.000000,-0.000000,1.000000,-0.000000,0.000000,1.000000,0.000000,-0.000000,0.000000,0.000000,114.147533,0.000000,1.000000;;
  }

  Frame NPCLarge-Pelvis {
   

   FrameTransformMatrix {
    0.072399,0.996431,0.043408,0.000000,-0.082425,-0.037396,0.995895,0.000000,0.993964,-0.075680,0.079424,0.000000,0.000000,0.000000,0.000000,1.000000;;
   }

   Frame NPCLarge-Spine {
    

    FrameTransformMatrix {
     0.993659,-0.090699,-0.066457,0.000000,0.100535,0.981346,0.163868,0.000000,0.050355,-0.169510,0.984241,0.000000,9.166107,-0.000006,1.652924,1.000000;;
    }

    Frame NPCLarge-Spine1 {
     

     FrameTransformMatrix {
      0.999602,0.000039,-0.028202,0.000000,-0.001405,0.998826,-0.048429,0.000000,0.028167,0.048449,0.998429,0.000000,13.742798,0.000001,-0.010939,1.000000;;
     }

     Frame NPCLarge-Spine2 {
      

      FrameTransformMatrix {
       0.987534,0.034937,0.153479,0.000000,-0.014884,0.991414,-0.129913,0.000000,-0.156700,0.126010,0.979575,0.000000,13.742768,0.000000,-0.010938,1.000000;;
      }

      Frame NPCLarge-Spine3 {
       

       FrameTransformMatrix {
        0.952734,0.004181,-0.303777,0.000000,-0.004630,0.999989,-0.000760,0.000000,0.303770,0.002130,0.952743,0.000000,13.742507,0.000000,-0.010925,1.000000;;
       }

       Frame NPCLarge-Neck {
        

        FrameTransformMatrix {
         0.663492,0.065881,0.745277,0.000000,-0.040645,0.997818,-0.052020,0.000000,-0.747078,0.004223,0.664723,0.000000,13.767563,-0.000000,-0.697083,1.000000;;
        }

        Frame NPCLarge-L-Clavicle {
         

         FrameTransformMatrix {
          0.106244,0.970981,-0.214262,0.000000,0.654662,-0.230495,-0.719924,0.000000,-0.748419,-0.063782,-0.660153,0.000000,-4.653320,0.029376,8.696098,1.000000;;
         }

         Frame NPCLarge-L-UpperArm {
          

          FrameTransformMatrix {
           0.326290,-0.910348,0.254560,0.000000,0.562200,-0.029599,-0.826471,0.000000,0.759912,0.412783,0.502140,0.000000,19.551982,-0.000061,-0.000015,1.000000;;
          }

          Frame NPCLarge-L-Forearm {
           

           FrameTransformMatrix {
            0.854402,-0.000000,-0.519613,0.000000,0.000000,1.000000,-0.000000,0.000000,0.519613,0.000000,0.854402,0.000000,35.239821,-0.000008,0.000000,1.000000;;
           }

           Frame NPCLarge-L-Hand {
            

            FrameTransformMatrix {
             0.894283,-0.441391,0.073705,0.000000,-0.120210,-0.078296,0.989656,0.000000,-0.431054,-0.893893,-0.123079,0.000000,32.059600,0.000076,-0.000048,1.000000;;
            }

            Frame NPCLarge-L-Finger0 {
             

             FrameTransformMatrix {
              0.865959,-0.285672,0.410495,0.000000,0.277952,-0.407445,-0.869903,0.000000,0.415761,0.867399,-0.273427,0.000000,2.159492,-3.698448,0.655287,1.000000;;
             }

             Frame NPCLarge-L-Finger01 {
              

              FrameTransformMatrix {
               0.984072,0.000000,0.177769,0.000000,0.000000,1.000000,-0.000000,0.000000,-0.177769,0.000000,0.984072,0.000000,5.721237,0.000008,0.000008,1.000000;;
              }

              Frame NPCLarge-L-Finger02 {
               

               FrameTransformMatrix {
                0.997652,-0.000000,0.068485,0.000000,0.000000,1.000000,0.000000,0.000000,-0.068485,-0.000000,0.997652,0.000000,3.784386,0.000000,0.000002,1.000000;;
               }
              }
             }
            }

            Frame NPCLarge-L-Finger1 {
             

             FrameTransformMatrix {
              0.921918,-0.089589,0.376884,0.000000,0.193134,0.949653,-0.246695,0.000000,-0.335808,0.300221,0.892805,0.000000,11.768997,-4.699140,-0.637472,1.000000;;
             }

             Frame NPCLarge-L-Finger11 {
              

              FrameTransformMatrix {
               0.703351,0.000001,0.710843,0.000000,-0.000000,1.000000,-0.000001,0.000000,-0.710843,0.000000,0.703351,0.000000,5.080933,-0.000002,-0.000008,1.000000;;
              }

              Frame NPCLarge-L-Finger12 {
               

               FrameTransformMatrix {
                0.814939,-0.000001,0.579547,0.000000,0.000001,1.000000,0.000000,0.000000,-0.579547,0.000000,0.814939,0.000000,2.939423,-0.000003,0.000008,1.000000;;
               }
              }
             }
            }

            Frame NPCLarge-L-Finger2 {
             

             FrameTransformMatrix {
              0.922289,-0.018519,0.386057,0.000000,0.012068,0.999744,0.019125,0.000000,-0.386312,-0.012980,0.922277,0.000000,12.289170,-1.245834,-0.924259,1.000000;;
             }

             Frame NPCLarge-L-Finger21 {
              

              FrameTransformMatrix {
               0.310060,0.000000,0.950717,0.000000,0.000000,1.000000,0.000000,0.000000,-0.950717,0.000000,0.310060,0.000000,5.563766,-0.000002,0.000000,1.000000;;
              }

              Frame NPCLarge-L-Finger22 {
               

               FrameTransformMatrix {
                0.427534,-0.000000,0.903999,0.000000,0.000000,1.000000,-0.000000,0.000000,-0.904000,0.000000,0.427534,0.000000,3.454740,0.000000,-0.000008,1.000000;;
               }
              }
             }
            }

            Frame NPCLarge-L-Finger3 {
             

             FrameTransformMatrix {
              0.543437,0.022555,0.839147,0.000000,-0.286715,0.944511,0.160291,0.000000,-0.788968,-0.327704,0.519749,0.000000,12.355430,1.624064,-0.517138,1.000000;;
             }

             Frame NPCLarge-L-Finger31 {
              

              FrameTransformMatrix {
               0.551197,-0.000000,0.834375,0.000000,0.000000,1.000000,-0.000000,0.000000,-0.834375,0.000001,0.551197,0.000000,4.638821,0.000004,0.000000,1.000000;;
              }

              Frame NPCLarge-L-Finger32 {
               

               FrameTransformMatrix {
                0.077605,-0.000000,0.996984,0.000000,-0.000000,1.000000,0.000000,0.000000,-0.996985,-0.000000,0.077605,0.000000,3.526424,-0.000004,-0.000008,1.000000;;
               }
              }
             }
            }

            Frame NPCLarge-L-Finger4 {
             

             FrameTransformMatrix {
              0.385405,-0.172070,0.906562,0.000000,-0.318953,0.897061,0.305862,0.000000,-0.865871,-0.407031,0.290849,0.000000,11.099998,4.211937,0.981792,1.000000;;
             }

             Frame NPCLarge-L-Finger41 {
              

              FrameTransformMatrix {
               0.379867,0.000000,0.925041,0.000000,-0.000000,1.000000,0.000000,0.000000,-0.925041,-0.000001,0.379867,0.000000,3.732559,0.000000,0.000000,1.000000;;
              }

              Frame NPCLarge-L-Finger42 {
               

               FrameTransformMatrix {
                0.001783,0.000001,0.999998,0.000000,0.000000,1.000000,-0.000001,0.000000,-0.999998,0.000000,0.001783,0.000000,2.695042,0.000000,0.000004,1.000000;;
               }
              }
             }
            }
           }
          }

          Frame NPCLarge-L-ForeTwist {
           

           FrameTransformMatrix {
            0.854402,0.000000,-0.519613,0.000000,0.013673,0.999654,0.022483,0.000000,0.519433,-0.026314,0.854106,0.000000,35.239725,0.000031,0.000000,1.000000;;
           }

           Frame NPCLarge-L-ForeTwist1 {
            

            FrameTransformMatrix {
             1.000000,-0.000000,0.000000,0.000000,0.000000,0.999654,0.026314,0.000000,-0.000000,-0.026314,0.999654,0.000000,16.029838,0.000000,0.000001,1.000000;;
            }
           }
          }
         }

         Frame NPCLarge-LUpArmTwist {
          

          FrameTransformMatrix {
           0.326290,-0.910348,0.254560,0.000000,0.562200,-0.029599,-0.826471,0.000000,0.759912,0.412783,0.502140,0.000000,19.551910,0.000015,0.000000,1.000000;;
          }

          Frame NPCLarge-LUpArmTwist1 {
           

           FrameTransformMatrix {
            1.000000,0.000000,-0.000000,0.000000,0.000000,1.000000,0.000001,0.000000,-0.000000,-0.000001,1.000000,0.000000,17.619896,0.000004,0.000008,1.000000;;
           }
          }
         }
        }

        Frame NPCLarge-R-Clavicle {
         

         FrameTransformMatrix {
          -0.139443,-0.916150,-0.375799,0.000000,-0.712766,-0.170585,0.680342,0.000000,-0.687402,0.362725,-0.629214,0.000000,-4.653320,-0.029330,8.696098,1.000000;;
         }

         Frame NPCLarge-R-UpperArm {
          

          FrameTransformMatrix {
           0.408746,0.898320,0.161086,0.000000,-0.445928,0.042582,0.894055,0.000000,0.796288,-0.437274,0.417991,0.000000,19.551838,-0.000015,0.000011,1.000000;;
          }

          Frame NPCLarge-R-Forearm {
           

           FrameTransformMatrix {
            0.832166,0.000000,-0.554527,0.000000,-0.000000,1.000000,-0.000000,0.000000,0.554527,0.000000,0.832166,0.000000,35.239808,0.000008,0.000000,1.000000;;
           }

           Frame NPCLarge-R-Hand {
            

            FrameTransformMatrix {
             0.911138,0.409942,0.042137,0.000000,0.156983,-0.250725,-0.955245,0.000000,-0.381030,0.876975,-0.292799,0.000000,32.059770,0.000046,0.000036,1.000000;;
            }

            Frame NPCLarge-R-Finger0 {
             

             FrameTransformMatrix {
              0.865959,0.285672,0.410495,0.000000,-0.277952,-0.407445,0.869903,0.000000,0.415761,-0.867398,-0.273427,0.000000,2.159515,3.698448,0.655283,1.000000;;
             }

             Frame NPCLarge-R-Finger01 {
              

              FrameTransformMatrix {
               0.984072,-0.000000,0.177769,0.000000,0.000000,1.000000,0.000000,0.000000,-0.177769,-0.000001,0.984072,0.000000,5.721222,0.000006,-0.000004,1.000000;;
              }

              Frame NPCLarge-R-Finger02 {
               

               FrameTransformMatrix {
                0.997652,0.000000,0.068485,0.000000,-0.000000,1.000000,-0.000001,0.000000,-0.068485,0.000001,0.997652,0.000000,3.784393,-0.000004,0.000002,1.000000;;
               }
              }
             }
            }

            Frame NPCLarge-R-Finger1 {
             

             FrameTransformMatrix {
              0.921883,0.089543,0.376980,0.000000,-0.193123,0.949653,0.246704,0.000000,-0.335910,-0.300236,0.892761,0.000000,11.769005,4.699137,-0.637487,1.000000;;
             }

             Frame NPCLarge-R-Finger11 {
              

              FrameTransformMatrix {
               0.703352,0.000000,0.710842,0.000000,0.000000,1.000000,-0.000000,0.000000,-0.710842,0.000000,0.703352,0.000000,5.080933,0.000002,-0.000002,1.000000;;
              }

              Frame NPCLarge-R-Finger12 {
               

               FrameTransformMatrix {
                0.815003,0.000007,0.579457,0.000000,-0.000013,1.000000,0.000006,0.000000,-0.579457,-0.000013,0.815003,0.000000,2.939419,-0.000004,0.000008,1.000000;;
               }
              }
             }
            }

            Frame NPCLarge-R-Finger2 {
             

             FrameTransformMatrix {
              0.922289,0.018519,0.386058,0.000000,-0.012069,0.999744,-0.019125,0.000000,-0.386313,0.012979,0.922276,0.000000,12.289185,1.245834,-0.924259,1.000000;;
             }

             Frame NPCLarge-R-Finger21 {
              

              FrameTransformMatrix {
               0.310061,-0.000000,0.950717,0.000000,0.000001,1.000000,0.000000,0.000000,-0.950717,0.000001,0.310061,0.000000,5.563774,0.000002,0.000008,1.000000;;
              }

              Frame NPCLarge-R-Finger22 {
               

               FrameTransformMatrix {
                0.427534,0.000001,0.904000,0.000000,-0.000001,1.000000,0.000000,0.000000,-0.904000,-0.000001,0.427534,0.000000,3.454744,-0.000004,-0.000008,1.000000;;
               }
              }
             }
            }

            Frame NPCLarge-R-Finger3 {
             

             FrameTransformMatrix {
              0.543437,-0.022554,0.839147,0.000000,0.286715,0.944511,-0.160292,0.000000,-0.788968,0.327704,0.519749,0.000000,12.355438,-1.624062,-0.517136,1.000000;;
             }

             Frame NPCLarge-R-Finger31 {
              

              FrameTransformMatrix {
               0.551198,-0.000000,0.834375,0.000000,-0.000000,1.000000,0.000001,0.000000,-0.834375,-0.000000,0.551198,0.000000,4.638824,0.000004,0.000000,1.000000;;
              }

              Frame NPCLarge-R-Finger32 {
               

               FrameTransformMatrix {
                0.077605,0.000000,0.996984,0.000000,-0.000001,1.000000,-0.000000,0.000000,-0.996984,-0.000001,0.077605,0.000000,3.526428,0.000004,-0.000008,1.000000;;
               }
              }
             }
            }

            Frame NPCLarge-R-Finger4 {
             

             FrameTransformMatrix {
              0.385404,0.172070,0.906563,0.000000,0.318953,0.897061,-0.305862,0.000000,-0.865871,0.407031,0.290848,0.000000,11.100006,-4.211939,0.981791,1.000000;;
             }

             Frame NPCLarge-R-Finger41 {
              

              FrameTransformMatrix {
               0.379867,-0.000000,0.925041,0.000000,0.000000,1.000000,0.000000,0.000000,-0.925041,0.000000,0.379867,0.000000,3.732555,-0.000008,0.000008,1.000000;;
              }

              Frame NPCLarge-R-Finger42 {
               

               FrameTransformMatrix {
                0.001784,-0.000001,0.999999,0.000000,-0.000001,1.000000,0.000001,0.000000,-0.999999,-0.000001,0.001784,0.000000,2.695045,0.000004,0.000000,1.000000;;
               }
              }
             }
            }
           }
          }

          Frame NPCLarge-R-ForeTwist {
           

           FrameTransformMatrix {
            0.832166,0.000000,-0.554527,0.000000,-0.047388,0.996342,-0.071114,0.000000,0.552498,0.085456,0.829122,0.000000,35.239885,0.000008,0.000000,1.000000;;
           }

           Frame NPCLarge-R-ForeTwist1 {
            

            FrameTransformMatrix {
             1.000000,0.000000,0.000001,0.000000,-0.000000,0.996342,-0.085457,0.000000,-0.000001,0.085457,0.996342,0.000000,16.029869,-0.000004,0.000000,1.000000;;
            }
           }
          }
         }

         Frame NPCLarge-RUpArmTwist {
          

          FrameTransformMatrix {
           0.408746,0.898320,0.161086,0.000000,-0.445928,0.042582,0.894055,0.000000,0.796288,-0.437274,0.417991,0.000000,19.551914,-0.000015,0.000000,1.000000;;
          }

          Frame NPCLarge-RUpArmTwist1 {
           

           FrameTransformMatrix {
            1.000000,0.000000,-0.000000,0.000000,-0.000000,1.000000,0.000001,0.000000,0.000000,-0.000001,1.000000,0.000000,17.619904,0.000008,0.000000,1.000000;;
           }
          }
         }
        }

        Frame NPCLarge-Head {
         

         FrameTransformMatrix {
          0.913011,0.032813,-0.406613,0.000000,0.032702,0.987665,0.153132,0.000000,0.406622,-0.153109,0.900676,0.000000,10.456802,0.002178,-0.012970,1.000000;;
         }

         Frame Eye_R {
          

          FrameTransformMatrix {
           -0.000441,-0.001923,0.999998,0.000000,1.000000,0.000306,0.000441,0.000000,-0.000307,0.999998,0.001923,0.000000,6.955383,-3.556644,9.627486,1.000000;;
          }
         }

         Frame Jaw_Pivot {
          

          FrameTransformMatrix {
           -0.117005,-0.002644,0.993128,0.000000,0.000220,-0.999997,-0.002637,0.000000,0.993131,-0.000090,0.117005,0.000000,3.532425,-0.011379,4.796608,1.000000;;
          }

          Frame Jaw {
           

           FrameTransformMatrix {
            0.982492,0.000019,-0.186304,0.000000,-0.000188,-0.999999,-0.001096,0.000000,-0.186304,0.001112,-0.982492,0.000000,7.509247,-0.001938,-8.458054,1.000000;;
           }
          }
         }

         Frame Eye_L {
          

          FrameTransformMatrix {
           -0.000441,-0.001923,0.999998,0.000000,1.000000,0.000306,0.000441,0.000000,-0.000307,0.999998,0.001923,0.000000,6.958923,3.596826,9.556650,1.000000;;
          }
         }
        }
       }
      }
     }
    }

    Frame NPCLarge-RThighTwist {
     

     FrameTransformMatrix {
      -0.966160,-0.226177,0.124013,0.000000,0.176136,-0.929722,-0.323407,0.000000,0.188445,-0.290620,0.938098,0.000000,-9.117370,-11.478661,-1.903465,1.000000;;
     }

     Frame NPCLarge-RThighTwist1 {
      

      FrameTransformMatrix {
       1.000000,0.000000,-0.000000,0.000000,0.000000,1.000000,0.000001,0.000000,0.000000,-0.000001,1.000000,0.000000,27.420426,0.000000,0.000002,1.000000;;
      }
     }
    }

    Frame NPCLarge-LThighTwist {
     

     FrameTransformMatrix {
      -0.972567,0.125665,0.195759,0.000000,-0.049802,-0.934500,0.352462,0.000000,0.227229,0.333043,0.915123,0.000000,-9.117370,11.478658,-1.903528,1.000000;;
     }

     Frame NPCLarge-LThighTwist1 {
      

      FrameTransformMatrix {
       1.000000,0.000003,-0.000000,0.000000,-0.000003,1.000000,0.000000,0.000000,0.000000,-0.000000,1.000000,0.000000,27.420432,0.000002,0.000000,1.000000;;
      }
     }
    }
   }

   Frame NPCLarge-L-Thigh {
    

    FrameTransformMatrix {
     -0.943909,0.178346,0.277901,0.000000,-0.125686,-0.972298,0.197082,0.000000,0.305351,0.151099,0.940176,0.000000,-0.000015,11.478661,0.000021,1.000000;;
    }

    Frame NPCLarge-L-Calf {
     

     FrameTransformMatrix {
      0.891417,0.000000,-0.453185,0.000000,0.000000,1.000000,0.000000,0.000000,0.453185,-0.000000,0.891417,0.000000,54.840864,0.000000,-0.000002,1.000000;;
     }

     Frame NPCLarge-L-Foot {
      

      FrameTransformMatrix {
       0.966158,0.090365,0.241604,0.000000,-0.102086,0.994109,0.036419,0.000000,-0.236889,-0.059851,0.969691,0.000000,49.112659,-0.000142,0.000022,1.000000;;
      }

      Frame NPCLarge-L-Toe0 {
       

       FrameTransformMatrix {
        -0.000000,-0.000000,1.000000,0.000000,0.010727,0.999943,0.000000,0.000000,-0.999943,0.010727,-0.000000,0.000000,12.292789,0.000003,17.048918,1.000000;;
       }
      }
     }
    }

    Frame NPCLarge-LCalfTwist {
     

     FrameTransformMatrix {
      0.891417,0.000000,-0.453185,0.000000,0.005532,0.999926,0.010881,0.000000,0.453151,-0.012206,0.891350,0.000000,54.840858,-0.000079,0.000015,1.000000;;
     }

     Frame NPCLarge-LCalfTwist1 {
      

      FrameTransformMatrix {
       1.000000,0.000001,-0.000000,0.000000,-0.000001,0.999926,0.012206,0.000000,0.000000,-0.012206,0.999925,0.000000,24.556342,-0.000001,0.000001,1.000000;;
      }
     }
    }
   }

   Frame NPCLarge-R-Thigh {
    

    FrameTransformMatrix {
     -0.976527,-0.155348,0.149204,0.000000,0.065263,-0.873534,-0.482368,0.000000,0.205270,-0.461308,0.863168,0.000000,0.000015,-11.478661,-0.000010,1.000000;;
    }

    Frame NPCLarge-R-Calf {
     

     FrameTransformMatrix {
      0.963319,0.000000,-0.268359,0.000000,-0.000000,1.000000,0.000000,0.000000,0.268359,-0.000000,0.963319,0.000000,54.840864,0.000000,0.000004,1.000000;;
     }

     Frame NPCLarge-R-Foot {
      

      FrameTransformMatrix {
       0.975937,-0.133000,0.172795,0.000000,0.110022,0.984527,0.136387,0.000000,-0.188261,-0.114093,0.975469,0.000000,49.112710,-0.000137,-0.000023,1.000000;;
      }

      Frame NPCLarge-R-Toe0 {
       

       FrameTransformMatrix {
        0.113666,0.000001,0.993519,0.000000,-0.000000,1.000000,-0.000001,0.000000,-0.993519,-0.000000,0.113666,0.000000,12.292790,0.000000,17.048918,1.000000;;
       }
      }
     }
    }

    Frame NPCLarge-RCalfTwist {
     

     FrameTransformMatrix {
      0.963319,0.000000,-0.268359,0.000000,0.012309,0.998947,0.044186,0.000000,0.268076,-0.045869,0.962305,0.000000,54.840883,-0.000076,-0.000015,1.000000;;
     }

     Frame NPCLarge-RCalfTwist1 {
      

      FrameTransformMatrix {
       1.000000,-0.000001,0.000000,0.000000,0.000001,0.998948,0.045868,0.000000,-0.000000,-0.045868,0.998947,0.000000,24.556342,0.000000,-0.000002,1.000000;;
      }
     }
    }
   }
  }
 }
}

Frame Soldier-03 {
 

 FrameTransformMatrix {
  1.000000,0.000000,0.000000,0.000000,0.000000,1.000000,0.000000,0.000000,0.000000,0.000000,1.000000,0.000000,0.000000,0.000000,0.000000,1.000000;;
 }

 Mesh Soldier-03 {
  9349;
  -0.841393;189.905024;-15.304200;,
  -0.960465;189.637389;-14.952882;,
  -0.946472;189.811789;-15.215576;,
  -1.604004;187.852301;-14.728760;,
  -1.646240;187.848269;-14.247803;,
  -1.775879;188.004877;-14.276856;,
  -1.450073;187.710694;-14.684814;,
  -1.450073;187.710694;-14.684814;,
  -1.517578;187.608154;-14.383056;,
  -1.646240;187.848269;-14.247803;,
  -1.517578;187.608154;-14.383056;,
  -1.206055;187.433715;-14.652587;,
  -1.330322;187.621824;-14.829590;,
  -1.468872;187.847168;-14.864990;,
  -1.468872;187.847168;-14.864990;,
  -1.450073;187.710694;-14.684814;,
  -1.604004;187.852301;-14.728760;,
  -1.761597;188.072934;-14.659424;,
  -1.935791;188.166387;-14.312499;,
  -2.137329;188.107904;-14.074950;,
  -2.390503;188.359616;-14.060790;,
  -2.387207;188.054874;-14.014648;,
  -2.864380;188.053530;-13.699950;,
  -1.206055;187.433715;-14.652587;,
  -0.943039;187.301030;-14.953613;,
  -0.946167;187.200922;-14.736694;,
  -0.943039;187.301030;-14.953613;,
  -0.912170;187.517824;-15.085938;,
  -0.844818;187.876339;-15.074219;,
  -1.283569;187.952397;-14.943115;,
  -1.629517;188.100339;-14.811280;,
  -1.729614;188.332403;-14.777344;,
  -1.861084;188.259277;-14.593506;,
  -1.914673;188.455565;-14.682861;,
  -2.003540;188.440794;-14.540283;,
  -2.240845;188.755008;-14.417725;,
  -1.761597;188.072934;-14.659424;,
  -1.861084;188.259277;-14.593506;,
  -1.629517;188.100339;-14.811280;,
  -2.274414;189.031488;-14.494629;,
  -1.958740;188.736333;-14.715805;,
  -1.827209;188.596928;-14.772461;,
  -1.914673;188.455565;-14.682861;,
  -1.579224;188.446413;-14.879638;,
  -1.417114;188.589082;-14.973877;,
  -1.663483;188.776486;-14.862794;,
  -1.902710;188.946074;-14.698486;,
  -1.986328;189.296512;-14.675050;,
  -2.348511;189.404634;-14.443603;,
  -1.624878;189.559027;-14.912109;,
  -1.788940;189.843443;-14.949950;,
  -1.249023;190.024358;-14.989502;,
  -1.903564;190.104486;-14.927246;,
  -1.805542;189.101440;-14.745362;,
  -1.506378;189.007629;-14.941406;,
  -2.680908;189.076544;-14.078125;,
  -2.467560;188.653018;-14.101074;,
  -2.415527;189.731661;-14.373046;,
  -2.990356;188.396237;-13.707763;,
  -3.965332;187.931277;-12.453369;,
  -3.664673;188.395994;-13.136963;,
  -3.541260;188.114624;-13.105713;,
  -3.229614;188.699469;-13.629395;,
  -3.229614;188.699469;-13.629395;,
  -2.886230;189.422118;-13.984374;,
  -2.680908;189.076544;-14.078125;,
  -2.886230;189.422118;-13.984374;,
  -4.096069;188.092288;-12.449463;,
  -3.973450;188.575923;-13.019043;,
  -3.664673;188.395994;-13.136963;,
  -3.502686;189.027750;-13.528808;,
  -3.863830;189.343539;-13.255615;,
  -3.054260;189.828454;-13.817139;,
  -2.407166;190.060237;-14.302490;,
  -1.955688;190.500826;-14.803222;,
  -4.667725;187.133734;-10.656738;,
  -4.569946;187.585203;-11.120606;,
  -4.485016;187.484378;-11.069336;,
  -4.310669;187.786010;-11.779053;,
  -4.456177;187.906125;-11.718994;,
  -4.291580;188.309568;-12.503662;,
  -4.438904;188.874304;-12.666992;,
  -3.992737;189.717683;-13.046631;,
  -4.695908;188.013670;-11.737061;,
  -4.821045;189.293402;-12.264160;,
  -4.715477;188.545101;-12.199707;,
  -4.995949;188.154048;-11.635498;,
  -5.075180;187.654170;-11.134278;,
  -4.702148;187.674560;-11.014404;,
  -5.569214;188.893555;-11.474610;,
  -6.070190;189.503603;-11.396729;,
  -5.553100;189.385600;-11.767822;,
  -5.096680;188.837094;-11.874512;,
  -5.336670;188.281805;-11.402344;,
  -5.361710;187.629645;-10.968994;,
  -5.335747;187.176269;-10.865234;,
  -5.592712;187.152768;-10.766358;,
  -5.655029;187.695501;-10.660645;,
  -5.875427;187.154726;-10.581054;,
  -6.114502;187.158566;-10.349366;,
  -5.892334;187.688358;-10.289306;,
  -6.147949;185.716186;-9.565918;,
  -5.911865;185.839526;-9.892334;,
  -5.770142;188.331546;-10.886963;,
  -6.326904;187.556032;-10.243164;,
  -6.348389;186.851405;-9.765137;,
  -6.434570;185.716326;-9.338134;,
  -6.632934;186.877069;-9.500244;,
  -6.767334;185.800922;-8.955810;,
  -6.799805;186.995930;-9.150146;,
  -6.955566;185.863283;-8.479126;,
  -6.595337;187.636045;-9.903809;,
  -6.177002;188.346560;-10.602295;,
  -5.770142;188.331546;-10.886963;,
  -6.326904;187.556032;-10.243164;,
  -6.177002;188.346560;-10.602295;,
  -6.062988;188.953741;-11.069580;,
  -6.470703;188.368166;-10.184326;,
  -6.847168;187.741389;-9.434570;,
  -6.990966;187.096922;-8.712402;,
  -7.364990;186.057216;-8.130615;,
  -7.726562;186.106330;-7.698974;,
  -7.389160;187.165069;-8.320557;,
  -7.141846;187.800538;-8.951904;,
  -6.797119;188.501466;-9.734742;,
  -6.437256;188.998784;-10.574951;,
  -6.070190;189.503603;-11.396729;,
  -8.077637;188.079514;-7.137085;,
  -8.275634;187.474547;-6.408081;,
  -8.373047;188.067174;-6.431274;,
  -8.130615;187.415053;-7.060913;,
  -8.057129;186.641997;-7.091430;,
  -7.732910;187.276122;-7.645386;,
  -7.421875;187.912627;-8.350586;,
  -7.007813;188.639155;-9.242187;,
  -8.246338;186.740659;-6.408692;,
  -8.567383;187.524134;-5.858154;,
  -8.510742;187.946483;-5.862671;,
  -8.386230;187.936448;-5.130982;,
  -8.562500;186.800154;-5.804077;,
  -8.847900;187.583629;-5.294190;,
  -8.677978;188.277837;-3.967407;,
  -8.352783;188.543462;-4.395020;,
  -8.462890;188.998989;-3.674072;,
  -8.560058;189.162522;-3.885986;,
  -8.817871;190.226893;-2.964355;,
  -8.787598;189.062618;-4.025879;,
  -8.935058;189.096192;-4.133301;,
  -8.596680;189.886950;-1.894958;,
  -9.089478;191.464077;-2.290527;,
  -9.363770;190.892941;-2.489014;,
  -9.058594;188.906406;-4.754761;,
  -9.065674;189.617280;-4.068726;,
  -9.030274;189.700275;-4.724365;,
  -9.176636;190.181952;-2.963867;,
  -9.309326;190.307866;-3.227173;,
  -9.570313;191.022029;-2.738220;,
  -9.466675;191.503232;-2.226807;,
  -9.586914;192.250483;-2.072754;,
  -9.633423;192.953984;-2.077148;,
  -9.857666;192.314496;-2.371185;,
  -9.733886;191.552102;-2.549438;,
  -9.571778;191.167360;-3.113403;,
  -9.330566;190.574950;-3.384766;,
  -9.244385;190.288589;-4.084961;,
  -9.081787;190.237094;-4.893188;,
  -8.802246;189.704896;-5.498535;,
  -9.487793;190.765299;-3.730042;,
  -9.596435;191.306611;-3.510132;,
  -9.783935;191.759027;-3.348267;,
  -8.614746;191.299686;-3.713623;,
  -9.090576;190.689946;-4.102051;,
  -8.371094;190.626099;-4.621399;,
  -8.549561;190.463258;-5.367218;,
  -8.205078;190.260045;-5.963989;,
  -8.116943;190.976474;-5.850037;,
  -7.796142;190.404250;-6.881836;,
  -8.002686;191.611469;-6.995972;,
  -8.011474;189.261389;-6.944214;,
  -8.970703;188.406989;-4.731934;,
  -8.816894;189.070374;-5.591308;,
  -8.361572;189.547046;-6.030212;,
  -8.205810;189.223693;-6.410767;,
  -8.369873;189.042202;-6.086060;,
  -8.341553;188.501683;-6.281860;,
  -8.488770;188.210906;-5.832245;,
  -8.264649;188.260006;-5.196167;,
  -8.406982;188.606938;-4.469116;,
  -8.794922;188.371098;-4.638550;,
  -8.672607;188.551885;-5.734253;,
  -8.370362;188.700403;-6.041504;,
  -8.461182;188.394291;-5.783447;,
  -8.346680;188.360602;-5.448730;,
  -8.442383;188.481933;-5.693237;,
  -8.461182;188.394291;-5.783447;,
  -8.442383;188.481933;-5.693237;,
  -8.370362;188.700403;-6.041504;,
  -5.830078;197.398861;-12.642822;,
  -6.422608;196.287962;-12.409668;,
  -6.396484;197.181824;-11.907470;,
  -5.894775;196.511475;-13.095215;,
  -6.366943;195.792730;-12.676514;,
  -5.305176;197.586240;-13.113770;,
  -4.983398;199.228390;-12.635986;,
  -5.702148;198.791411;-12.014770;,
  -6.346192;198.257869;-11.427734;,
  -6.691894;197.623296;-10.462158;,
  -6.782226;198.624998;-9.805664;,
  -7.118897;197.541568;-8.780762;,
  -6.560791;194.751219;-12.274780;,
  -6.346680;195.268250;-12.935302;,
  -6.717651;195.419430;-11.931641;,
  -6.780518;195.936038;-11.568115;,
  -6.724366;196.694336;-11.180176;,
  -7.057862;196.685914;-9.460938;,
  -7.322266;196.074189;-8.451966;,
  -6.895264;194.351168;-11.292481;,
  -6.972168;195.038042;-10.838745;,
  -6.987793;195.827968;-10.085327;,
  -7.378418;194.976563;-8.763794;,
  -7.264404;194.132070;-10.114319;,
  -7.606690;193.571072;-8.644104;,
  -7.696289;193.806336;-7.069580;,
  -8.029053;192.672602;-7.035278;,
  -8.616455;191.225344;-5.275086;,
  -8.182373;191.740544;-5.805115;,
  -7.972412;192.227789;-8.348984;,
  -7.619385;192.968691;-9.764099;,
  -7.089355;193.346432;-10.976074;,
  -7.879883;191.244928;-8.160766;,
  -7.854248;191.773248;-9.328232;,
  -7.436035;192.386022;-10.627686;,
  -6.712036;192.473421;-11.419434;,
  -6.593323;193.533939;-11.473145;,
  -6.465454;192.953498;-11.562256;,
  -6.067627;193.155840;-11.703369;,
  -6.200622;192.415552;-11.753906;,
  -5.591919;193.815923;-12.023194;,
  -5.817505;193.491546;-11.674072;,
  -5.803711;193.830566;-11.837402;,
  -6.152283;193.571046;-11.627442;,
  -6.606445;194.063475;-11.660156;,
  -6.185913;193.869632;-11.716797;,
  -6.282837;194.313971;-12.294922;,
  -5.947632;194.176026;-12.400879;,
  -5.627991;194.137203;-12.493897;,
  -5.387146;194.083507;-12.560058;,
  -5.108765;193.917069;-12.643799;,
  -5.244263;194.237606;-13.005127;,
  -4.854980;194.027955;-12.930908;,
  -5.605225;194.394291;-13.192383;,
  -5.958130;194.603520;-13.233886;,
  -6.187744;194.923405;-13.222900;,
  -5.382080;196.571405;-13.680664;,
  -5.945434;195.961459;-13.277100;,
  -5.894043;195.533645;-13.556397;,
  -5.796020;195.171866;-13.760498;,
  -5.563904;194.830336;-13.816650;,
  -3.935669;197.715814;-14.000733;,
  -4.653564;196.719181;-14.113525;,
  -4.704712;197.709018;-13.573242;,
  -5.362976;196.149760;-13.852294;,
  -5.290161;195.635610;-14.081787;,
  -3.138000;199.615846;-13.656250;,
  -3.100098;197.739558;-14.282227;,
  -3.672882;196.629760;-14.596923;,
  -4.569519;196.172352;-14.499267;,
  -4.808876;194.505856;-13.957642;,
  -4.934204;194.270016;-13.356690;,
  -5.260132;194.502195;-13.674317;,
  -5.128357;194.881306;-14.212891;,
  -5.174606;195.297306;-14.253906;,
  -4.504272;195.590464;-14.584472;,
  -3.497314;195.936282;-14.864014;,
  -2.117920;196.661606;-14.948974;,
  -2.581360;195.371341;-15.104736;,
  -2.927628;196.658816;-14.739502;,
  -3.632568;195.426790;-14.999512;,
  -4.473160;195.249446;-14.500488;,
  -4.429840;194.938970;-14.449219;,
  -4.332291;194.541990;-14.200317;,
  -2.967285;194.948672;-15.154298;,
  -3.794922;194.504269;-14.251221;,
  -3.813354;194.713382;-14.539062;,
  -3.375244;194.535155;-14.838622;,
  -3.225159;194.799501;-15.046630;,
  -2.576782;194.325197;-15.218994;,
  -3.763611;195.029632;-14.877442;,
  -3.771790;194.350835;-13.993469;,
  -3.380127;194.408691;-14.629395;,
  -2.823975;194.189453;-15.031250;,
  -2.472900;193.798579;-14.860840;,
  -2.278320;193.860480;-15.033936;,
  -1.796631;193.597901;-14.546142;,
  -1.731201;193.655270;-14.780029;,
  -1.285645;193.425779;-14.262573;,
  -2.979492;194.089357;-14.801392;,
  -1.355225;193.365965;-14.070557;,
  -1.874634;193.559078;-14.281250;,
  -2.695801;193.748045;-14.618226;,
  -3.018616;193.851558;-14.233947;,
  -3.418884;194.166016;-14.247864;,
  -1.529297;193.303283;-13.742675;,
  -1.935913;193.529779;-13.892090;,
  -2.705933;193.679194;-14.134522;,
  -4.606262;194.060710;-13.109046;,
  -4.563637;194.287104;-13.635131;,
  -4.328918;194.083405;-13.246171;,
  -4.196289;194.316890;-13.820557;,
  -4.020562;194.154995;-13.402230;,
  -3.702118;194.181248;-13.485187;,
  -3.285709;194.044493;-13.536518;,
  -2.968109;193.899968;-13.656006;,
  -2.284485;193.758298;-13.107788;,
  -2.748984;193.943181;-13.076750;,
  -2.608283;193.800282;-13.448242;,
  -3.014826;194.000768;-13.162122;,
  -3.315084;194.035418;-13.185778;,
  -2.016876;193.493222;-12.924072;,
  -2.279449;193.017242;-12.758057;,
  -2.162903;193.443302;-12.822266;,
  -2.528382;193.857011;-12.856811;,
  -2.921590;193.967693;-12.778861;,
  -3.157942;194.019302;-12.887619;,
  -3.400930;194.041677;-12.953362;,
  -3.666343;194.041971;-12.945635;,
  -3.674408;194.061197;-13.197286;,
  -2.680192;193.637952;-12.692696;,
  -2.285567;193.428454;-12.784180;,
  -2.336316;193.078592;-12.751465;,
  -2.535789;193.031053;-12.645019;,
  -2.388489;193.127718;-12.733154;,
  -2.644374;193.146150;-12.607037;,
  -2.936846;193.183872;-12.616120;,
  -2.863098;193.045773;-12.614736;,
  -2.799108;192.967770;-12.605514;,
  -2.416840;192.948518;-12.683838;,
  -2.158455;192.957747;-12.796875;,
  -2.685196;193.211533;-12.626521;,
  -2.981033;193.234189;-12.647136;,
  -2.690523;192.849152;-12.588134;,
  -3.084932;192.865664;-12.589166;,
  -3.117205;192.995763;-12.641072;,
  -3.203887;193.126195;-12.663443;,
  -3.292854;193.192243;-12.692250;,
  -3.495257;193.040819;-12.697593;,
  -3.548180;193.143270;-12.714730;,
  -3.002392;192.767194;-12.531793;,
  -3.438041;192.903296;-12.654337;,
  -3.374418;192.758682;-12.587561;,
  -3.331604;192.647411;-12.519982;,
  -2.939048;192.661862;-12.498658;,
  -2.621338;192.722406;-12.613770;,
  -2.204834;192.637568;-12.872070;,
  -3.795989;193.032013;-12.688695;,
  -3.750884;192.851251;-12.624539;,
  -3.744340;192.687526;-12.519632;,
  -4.069986;193.065152;-12.620637;,
  -4.085532;192.911283;-12.538948;,
  -3.235229;192.238886;-12.662842;,
  -2.814514;192.350707;-12.691650;,
  -3.292297;192.522470;-12.443870;,
  -3.726137;192.564915;-12.444914;,
  -4.108261;192.728077;-12.407641;,
  -4.434311;192.770458;-12.272250;,
  -4.371285;192.964275;-12.427063;,
  -4.610784;193.014771;-12.295433;,
  -3.681900;192.155302;-12.543202;,
  -4.526861;193.167770;-12.407969;,
  -4.330473;193.115072;-12.517622;,
  -4.526861;193.167770;-12.407969;,
  -4.371285;192.964275;-12.427063;,
  -4.610784;193.014771;-12.295433;,
  -4.797355;193.096832;-12.202493;,
  -4.724131;193.228621;-12.295495;,
  -4.997682;193.213120;-12.082293;,
  -4.886494;193.316480;-12.173759;,
  -3.814617;193.140134;-12.703587;,
  -4.068684;193.160410;-12.648579;,
  -4.302793;193.202982;-12.558388;,
  -4.481326;193.266496;-12.463992;,
  -4.674402;193.345728;-12.351368;,
  -4.468170;193.304166;-12.455582;,
  -4.293164;193.240294;-12.551619;,
  -4.059156;193.205914;-12.636142;,
  -3.829027;193.186534;-12.688776;,
  -3.565091;193.178560;-12.716134;,
  -3.314882;193.219686;-12.685062;,
  -2.994331;193.262720;-12.633959;,
  -2.705811;193.243149;-12.615984;,
  -2.442375;193.194317;-12.682129;,
  -2.389992;193.378202;-12.754638;,
  -2.424998;193.362509;-12.707764;,
  -2.757396;193.521357;-12.721028;,
  -2.777038;193.491878;-12.674478;,
  -3.046559;193.750067;-12.879902;,
  -3.500570;193.890035;-12.915839;,
  -3.302256;193.862157;-12.907891;,
  -3.062457;193.731046;-12.838126;,
  -3.325031;193.836608;-12.861510;,
  -3.496354;193.861248;-12.869718;,
  -3.719411;193.899341;-12.884070;,
  -3.718162;193.880909;-12.849604;,
  -3.889561;193.894566;-12.857744;,
  -3.885166;193.876109;-12.806984;,
  -4.088274;193.891520;-12.804009;,
  -4.710968;193.748736;-12.368155;,
  -4.571350;193.852122;-12.569219;,
  -4.504272;193.797619;-12.553344;,
  -4.285016;193.937702;-12.753002;,
  -4.268113;193.864538;-12.733780;,
  -4.122122;193.980877;-12.840314;,
  -3.906840;194.023334;-12.910344;,
  -3.941781;194.020403;-13.106258;,
  -4.202562;193.964493;-13.020435;,
  -4.419733;193.915635;-12.911064;,
  -4.646027;193.869350;-12.793043;,
  -5.043337;193.587341;-11.974081;,
  -4.925171;193.726451;-12.203125;,
  -4.877624;193.707149;-12.186279;,
  -5.136823;193.574707;-11.960546;,
  -5.225023;193.541568;-11.912450;,
  -5.064758;193.703565;-12.306152;,
  -4.877228;193.791962;-12.588745;,
  -4.778076;193.794368;-12.389894;,
  -5.435791;193.783232;-12.184570;,
  -5.236938;193.729126;-12.306518;,
  -5.325317;193.515597;-11.867676;,
  -5.154804;193.344282;-11.960702;,
  -5.065600;193.431808;-12.018559;,
  -4.827453;193.411955;-12.213181;,
  -4.979063;193.488102;-12.078648;,
  -5.235919;193.273126;-11.893494;,
  -5.079028;193.066586;-11.976358;,
  -5.167364;192.983693;-11.863066;,
  -4.972178;192.833958;-11.968496;,
  -5.024463;193.592960;-11.965253;,
  -4.953747;193.507494;-12.084103;,
  -4.808000;193.424243;-12.227806;,
  -4.665087;193.372621;-12.350454;,
  -4.065150;193.864358;-12.746119;,
  -4.244326;193.839731;-12.684630;,
  -4.473022;193.792294;-12.508746;,
  -4.662414;193.744960;-12.357225;,
  -4.847169;193.700864;-12.174321;,
  9.485596;191.077939;-3.002808;,
  9.792481;191.768550;-3.322144;,
  9.645508;191.686413;-2.734863;,
  9.654541;191.532314;-2.448608;,
  9.520752;190.961267;-2.647400;,
  9.456543;191.514522;-2.177002;,
  9.358886;190.606387;-3.396728;,
  9.627930;191.334131;-3.459900;,
  9.291260;190.330842;-3.135345;,
  9.186279;190.849242;-2.406494;,
  8.969970;190.907354;-2.281982;,
